 0.00000000e+00  4.81904134e-10 
 1.00000000e-02  6.33781937e-10 
 2.00000000e-02  8.33762459e-10 
 3.00000000e-02  1.09714747e-09 
 4.00000000e-02  1.44412519e-09 
 5.00000000e-02  1.90133610e-09 
 6.00000000e-02  2.50394176e-09 
 7.00000000e-02  3.29835893e-09 
 8.00000000e-02  4.34587300e-09 
 9.00000000e-02  5.72741402e-09 
 1.00000000e-01  7.54986971e-09 
 1.10000000e-01  9.95442994e-09 
 1.20000000e-01  1.31276160e-08 
 1.30000000e-01  1.73158564e-08 
 1.40000000e-01  2.28447461e-08 
 1.50000000e-01  3.01444839e-08 
 1.60000000e-01  3.97834552e-08 
 1.70000000e-01  5.25125347e-08 
 1.80000000e-01  6.93234748e-08 
 1.90000000e-01  9.15257513e-08 
 2.00000000e-01  1.20847515e-07 
 2.10000000e-01  1.59567876e-07 
 2.20000000e-01  2.10689662e-07 
 2.30000000e-01  2.78163991e-07 
 2.40000000e-01  3.67180431e-07 
 2.50000000e-01  4.84538754e-07 
 2.60000000e-01  6.39119882e-07 
 2.70000000e-01  8.42473292e-07 
 2.80000000e-01  1.10953407e-06 
 2.90000000e-01  1.45947191e-06 
 3.00000000e-01  1.91665254e-06 
 3.10000000e-01  2.51165387e-06 
 3.20000000e-01  3.28222069e-06 
 3.30000000e-01  4.27396190e-06 
 3.40000000e-01  5.54050552e-06 
 3.50000000e-01  7.14275847e-06 
 3.60000000e-01  9.14692629e-06 
 3.70000000e-01  1.16210958e-05 
 3.80000000e-01  1.46304972e-05 
 3.90000000e-01  1.82319428e-05 
 4.00000000e-01  2.24680903e-05 
 4.10000000e-01  2.73615462e-05 
 4.20000000e-01  3.29063706e-05 
 4.30000000e-01  3.90469220e-05 
 4.40000000e-01  4.56047999e-05 
 4.50000000e-01  5.19378016e-05 
 4.60000000e-01  5.64067179e-05 
 4.70000000e-01  5.86080242e-05 
 4.80000000e-01  5.94632302e-05 
 4.90000000e-01  5.92982270e-05 
 5.00000000e-01  5.81648769e-05 
 0.00000000e+00  4.81904134e-10 
 1.00000000e-02  6.33781937e-10 
 2.00000000e-02  8.33762459e-10 
 3.00000000e-02  1.09714747e-09 
 4.00000000e-02  1.44412519e-09 
 5.00000000e-02  1.90133610e-09 
 6.00000000e-02  2.50394176e-09 
 7.00000000e-02  3.29835893e-09 
 8.00000000e-02  4.34587300e-09 
 9.00000000e-02  5.72741402e-09 
 1.00000000e-01  7.54986971e-09 
 1.10000000e-01  9.95442994e-09 
 1.20000000e-01  1.31276160e-08 
 1.30000000e-01  1.73158564e-08 
 1.40000000e-01  2.28447461e-08 
 1.50000000e-01  3.01444839e-08 
 1.60000000e-01  3.97834552e-08 
 1.70000000e-01  5.25125347e-08 
 1.80000000e-01  6.93234748e-08 
 1.90000000e-01  9.15257513e-08 
 2.00000000e-01  1.20847515e-07 
 2.10000000e-01  1.59567876e-07 
 2.20000000e-01  2.10689662e-07 
 2.30000000e-01  2.78163991e-07 
 2.40000000e-01  3.67180431e-07 
 2.50000000e-01  4.84538754e-07 
 2.60000000e-01  6.39119882e-07 
 2.70000000e-01  8.42473292e-07 
 2.80000000e-01  1.10953407e-06 
 2.90000000e-01  1.45947191e-06 
 3.00000000e-01  1.91665254e-06 
 3.10000000e-01  2.51165387e-06 
 3.20000000e-01  3.28222069e-06 
 3.30000000e-01  4.27396190e-06 
 3.40000000e-01  5.54050552e-06 
 3.50000000e-01  7.14275847e-06 
 3.60000000e-01  9.14692629e-06 
 3.70000000e-01  1.16210958e-05 
 3.80000000e-01  1.46304972e-05 
 3.90000000e-01  1.82319428e-05 
 4.00000000e-01  2.24680903e-05 
 4.10000000e-01  2.73615462e-05 
 4.20000000e-01  3.29063706e-05 
 4.30000000e-01  3.90469220e-05 
 4.40000000e-01  4.56047999e-05 
 4.50000000e-01  5.19378016e-05 
 4.60000000e-01  5.64067179e-05 
 4.70000000e-01  5.86080242e-05 
 4.80000000e-01  5.94632302e-05 
 4.90000000e-01  5.92982270e-05 
 5.00000000e-01  5.81648769e-05 
 5.10000000e-01  5.51455773e-05 
 5.20000000e-01  4.96503549e-05 
 5.30000000e-01  4.35855709e-05 
 5.40000000e-01  3.77316694e-05 
 5.50000000e-01  3.23025399e-05 
 5.60000000e-01  2.73697692e-05 
 5.70000000e-01  2.29549295e-05 
 5.80000000e-01  1.90569598e-05 
 5.90000000e-01  1.56605824e-05 
 6.00000000e-01  1.27407585e-05 
 6.10000000e-01  1.02648977e-05 
 6.20000000e-01  8.19453373e-06 
 6.30000000e-01  6.48700483e-06 
 6.40000000e-01  5.09732638e-06 
 6.50000000e-01  3.98020759e-06 
 6.60000000e-01  3.09201378e-06 
 6.70000000e-01  2.39242335e-06 
 6.80000000e-01  1.84558151e-06 
 6.90000000e-01  1.42067456e-06 
 7.00000000e-01  1.09197798e-06 
 7.10000000e-01  8.38516781e-07 
 7.20000000e-01  6.43500424e-07 
 7.30000000e-01  4.93672140e-07 
 7.40000000e-01  3.78669009e-07 
 7.50000000e-01  2.90446593e-07 
 7.60000000e-01  2.22789835e-07 
 7.70000000e-01  1.70912198e-07 
 7.80000000e-01  1.31134881e-07 
 7.90000000e-01  1.00634155e-07 
 8.00000000e-01  7.72443545e-08 
 8.10000000e-01  5.93053037e-08 
 8.20000000e-01  4.55446546e-08 
 8.30000000e-01  3.49873928e-08 
 8.40000000e-01  2.68863629e-08 
 8.50000000e-01  2.06689876e-08 
 8.60000000e-01  1.58964327e-08 
 8.70000000e-01  1.22323231e-08 
 8.80000000e-01  9.41878088e-09 
 8.90000000e-01  7.25807363e-09 
 9.00000000e-01  5.59855868e-09 
 9.10000000e-01  4.32391781e-09 
 9.20000000e-01  3.34491087e-09 
 9.30000000e-01  2.59305841e-09 
 9.40000000e-01  2.01580113e-09 
 9.50000000e-01  1.57279055e-09 
 9.60000000e-01  1.23304585e-09 
 9.70000000e-01  9.72774273e-10 
 9.80000000e-01  7.73699961e-10 
 9.90000000e-01  6.21782270e-10 
 1.00000000e+00  5.06232645e-10 
 0.00000000e+00  4.81904134e-10 
 1.00000000e-02  6.33781937e-10 
 2.00000000e-02  8.33762459e-10 
 3.00000000e-02  1.09714747e-09 
 4.00000000e-02  1.44412519e-09 
 5.00000000e-02  1.90133610e-09 
 6.00000000e-02  2.50394176e-09 
 7.00000000e-02  3.29835893e-09 
 8.00000000e-02  4.34587300e-09 
 9.00000000e-02  5.72741402e-09 
 1.00000000e-01  7.54986971e-09 
 1.10000000e-01  9.95442994e-09 
 1.20000000e-01  1.31276160e-08 
 1.30000000e-01  1.73158564e-08 
 1.40000000e-01  2.28447461e-08 
 1.50000000e-01  3.01444839e-08 
 1.60000000e-01  3.97834552e-08 
 1.70000000e-01  5.25125347e-08 
 1.80000000e-01  6.93234748e-08 
 1.90000000e-01  9.15257513e-08 
 2.00000000e-01  1.20847515e-07 
 2.10000000e-01  1.59567876e-07 
 2.20000000e-01  2.10689662e-07 
 2.30000000e-01  2.78163991e-07 
 2.40000000e-01  3.67180431e-07 
 2.50000000e-01  4.84538754e-07 
 2.60000000e-01  6.39119882e-07 
 2.70000000e-01  8.42473292e-07 
 2.80000000e-01  1.10953407e-06 
 2.90000000e-01  1.45947191e-06 
 3.00000000e-01  1.91665254e-06 
 3.10000000e-01  2.51165387e-06 
 3.20000000e-01  3.28222069e-06 
 3.30000000e-01  4.27396190e-06 
 3.40000000e-01  5.54050552e-06 
 3.50000000e-01  7.14275847e-06 
 3.60000000e-01  9.14692629e-06 
 3.70000000e-01  1.16210958e-05 
 3.80000000e-01  1.46304972e-05 
 3.90000000e-01  1.82319428e-05 
 4.00000000e-01  2.24680903e-05 
 4.10000000e-01  2.73615462e-05 
 4.20000000e-01  3.29063706e-05 
 4.30000000e-01  3.90469220e-05 
 4.40000000e-01  4.56047999e-05 
 4.50000000e-01  5.19378016e-05 
 4.60000000e-01  5.64067179e-05 
 4.70000000e-01  5.86080242e-05 
 4.80000000e-01  5.94632302e-05 
 4.90000000e-01  5.92982270e-05 
 5.00000000e-01  5.81648769e-05 
 5.10000000e-01  5.51455773e-05 
 5.20000000e-01  4.96503549e-05 
 5.30000000e-01  4.35855709e-05 
 5.40000000e-01  3.77316694e-05 
 5.50000000e-01  3.23025399e-05 
 5.60000000e-01  2.73697692e-05 
 5.70000000e-01  2.29549295e-05 
 5.80000000e-01  1.90569598e-05 
 5.90000000e-01  1.56605824e-05 
 6.00000000e-01  1.27407585e-05 
 6.10000000e-01  1.02648977e-05 
 6.20000000e-01  8.19453373e-06 
 6.30000000e-01  6.48700483e-06 
 6.40000000e-01  5.09732638e-06 
 6.50000000e-01  3.98020759e-06 
 6.60000000e-01  3.09201378e-06 
 6.70000000e-01  2.39242335e-06 
 6.80000000e-01  1.84558151e-06 
 6.90000000e-01  1.42067456e-06 
 7.00000000e-01  1.09197798e-06 
 7.10000000e-01  8.38516781e-07 
 7.20000000e-01  6.43500424e-07 
 7.30000000e-01  4.93672140e-07 
 7.40000000e-01  3.78669009e-07 
 7.50000000e-01  2.90446593e-07 
 7.60000000e-01  2.22789835e-07 
 7.70000000e-01  1.70912198e-07 
 7.80000000e-01  1.31134881e-07 
 7.90000000e-01  1.00634155e-07 
 8.00000000e-01  7.72443545e-08 
 8.10000000e-01  5.93053037e-08 
 8.20000000e-01  4.55446546e-08 
 8.30000000e-01  3.49873928e-08 
 8.40000000e-01  2.68863629e-08 
 8.50000000e-01  2.06689876e-08 
 8.60000000e-01  1.58964327e-08 
 8.70000000e-01  1.22323231e-08 
 8.80000000e-01  9.41878088e-09 
 8.90000000e-01  7.25807363e-09 
 9.00000000e-01  5.59855868e-09 
 9.10000000e-01  4.32391781e-09 
 9.20000000e-01  3.34491087e-09 
 9.30000000e-01  2.59305841e-09 
 9.40000000e-01  2.01580113e-09 
 9.50000000e-01  1.57279055e-09 
 9.60000000e-01  1.23304585e-09 
 9.70000000e-01  9.72774273e-10 
 9.80000000e-01  7.73699961e-10 
 9.90000000e-01  6.21782270e-10 
 1.00000000e+00  5.06232645e-10 
