 0.00000000e+00  9.99999953e-01 
 1.00000000e-02  9.99999937e-01 
 2.00000000e-02  9.99999915e-01 
 3.00000000e-02  9.99999886e-01 
 4.00000000e-02  9.99999847e-01 
 5.00000000e-02  9.99999794e-01 
 6.00000000e-02  9.99999724e-01 
 7.00000000e-02  9.99999629e-01 
 8.00000000e-02  9.99999501e-01 
 9.00000000e-02  9.99999328e-01 
 1.00000000e-01  9.99999095e-01 
 1.10000000e-01  9.99998781e-01 
 1.20000000e-01  9.99998357e-01 
 1.30000000e-01  9.99997784e-01 
 1.40000000e-01  9.99997009e-01 
 1.50000000e-01  9.99995961e-01 
 1.60000000e-01  9.99994542e-01 
 1.70000000e-01  9.99992620e-01 
 1.80000000e-01  9.99990014e-01 
 1.90000000e-01  9.99986480e-01 
 2.00000000e-01  9.99981681e-01 
 2.10000000e-01  9.99975161e-01 
 2.20000000e-01  9.99966298e-01 
 2.30000000e-01  9.99954241e-01 
 2.40000000e-01  9.99937828e-01 
 2.50000000e-01  9.99915476e-01 
 2.60000000e-01  9.99885024e-01 
 2.70000000e-01  9.99843531e-01 
 2.80000000e-01  9.99786997e-01 
 2.90000000e-01  9.99710000e-01 
 3.00000000e-01  9.99605212e-01 
 3.10000000e-01  9.99462777e-01 
 3.20000000e-01  9.99269508e-01 
 3.30000000e-01  9.99007867e-01 
 3.40000000e-01  9.98654684e-01 
 3.50000000e-01  9.98179529e-01 
 3.60000000e-01  9.97542624e-01 
 3.70000000e-01  9.96692047e-01 
 3.80000000e-01  9.95559801e-01 
 3.90000000e-01  9.94055897e-01 
 4.00000000e-01  9.92058906e-01 
 4.10000000e-01  9.89399855e-01 
 4.20000000e-01  9.85832891e-01 
 4.30000000e-01  9.80976962e-01 
 4.40000000e-01  9.74185330e-01 
 4.50000000e-01  9.64170188e-01 
 4.60000000e-01  9.47806529e-01 
 4.70000000e-01  9.12274316e-01 
 4.80000000e-01  7.76695192e-01 
 4.90000000e-01  5.81274343e-01 
 5.00000000e-01  3.85544334e-01 
 0.00000000e+00  9.99999953e-01 
 1.00000000e-02  9.99999937e-01 
 2.00000000e-02  9.99999915e-01 
 3.00000000e-02  9.99999886e-01 
 4.00000000e-02  9.99999847e-01 
 5.00000000e-02  9.99999794e-01 
 6.00000000e-02  9.99999724e-01 
 7.00000000e-02  9.99999629e-01 
 8.00000000e-02  9.99999501e-01 
 9.00000000e-02  9.99999328e-01 
 1.00000000e-01  9.99999095e-01 
 1.10000000e-01  9.99998781e-01 
 1.20000000e-01  9.99998357e-01 
 1.30000000e-01  9.99997784e-01 
 1.40000000e-01  9.99997009e-01 
 1.50000000e-01  9.99995961e-01 
 1.60000000e-01  9.99994542e-01 
 1.70000000e-01  9.99992620e-01 
 1.80000000e-01  9.99990014e-01 
 1.90000000e-01  9.99986480e-01 
 2.00000000e-01  9.99981681e-01 
 2.10000000e-01  9.99975161e-01 
 2.20000000e-01  9.99966298e-01 
 2.30000000e-01  9.99954241e-01 
 2.40000000e-01  9.99937828e-01 
 2.50000000e-01  9.99915476e-01 
 2.60000000e-01  9.99885024e-01 
 2.70000000e-01  9.99843531e-01 
 2.80000000e-01  9.99786997e-01 
 2.90000000e-01  9.99710000e-01 
 3.00000000e-01  9.99605212e-01 
 3.10000000e-01  9.99462777e-01 
 3.20000000e-01  9.99269508e-01 
 3.30000000e-01  9.99007867e-01 
 3.40000000e-01  9.98654684e-01 
 3.50000000e-01  9.98179529e-01 
 3.60000000e-01  9.97542624e-01 
 3.70000000e-01  9.96692047e-01 
 3.80000000e-01  9.95559801e-01 
 3.90000000e-01  9.94055897e-01 
 4.00000000e-01  9.92058906e-01 
 4.10000000e-01  9.89399855e-01 
 4.20000000e-01  9.85832891e-01 
 4.30000000e-01  9.80976962e-01 
 4.40000000e-01  9.74185330e-01 
 4.50000000e-01  9.64170188e-01 
 4.60000000e-01  9.47806529e-01 
 4.70000000e-01  9.12274316e-01 
 4.80000000e-01  7.76695192e-01 
 4.90000000e-01  5.81274343e-01 
 5.00000000e-01  3.85544334e-01 
 5.10000000e-01  1.90823343e-01 
 5.20000000e-01  7.61789058e-02 
 5.30000000e-01  4.67906391e-02 
 5.40000000e-01  3.26107394e-02 
 5.50000000e-01  2.38146533e-02 
 5.60000000e-01  1.77746734e-02 
 5.70000000e-01  1.34281742e-02 
 5.80000000e-01  1.01992204e-02 
 5.90000000e-01  7.76152069e-03 
 6.00000000e-01  5.90448014e-03 
 6.10000000e-01  4.48372523e-03 
 6.20000000e-01  3.39568394e-03 
 6.30000000e-01  2.56352054e-03 
 6.40000000e-01  1.92885732e-03 
 6.50000000e-01  1.44663890e-03 
 6.60000000e-01  1.08178572e-03 
 6.70000000e-01  8.06902316e-04 
 6.80000000e-01  6.00625755e-04 
 6.90000000e-01  4.46375143e-04 
 7.00000000e-01  3.31365961e-04 
 7.10000000e-01  2.45813285e-04 
 7.20000000e-01  1.82282188e-04 
 7.30000000e-01  1.35160436e-04 
 7.40000000e-01  1.00235391e-04 
 7.50000000e-01  7.43594005e-05 
 7.60000000e-01  5.51889130e-05 
 7.70000000e-01  4.09836801e-05 
 7.80000000e-01  3.04538623e-05 
 7.90000000e-01  2.26446266e-05 
 8.00000000e-01  1.68496352e-05 
 8.10000000e-01  1.25465295e-05 
 8.20000000e-01  9.34900148e-06 
 8.30000000e-01  6.97128435e-06 
 8.40000000e-01  5.20189293e-06 
 8.50000000e-01  3.88422623e-06 
 8.60000000e-01  2.90224782e-06 
 8.70000000e-01  2.16991670e-06 
 8.80000000e-01  1.62338535e-06 
 8.90000000e-01  1.21523843e-06 
 9.00000000e-01  9.10236245e-07 
 9.10000000e-01  6.82167836e-07 
 9.20000000e-01  5.11522768e-07 
 9.30000000e-01  3.83767304e-07 
 9.40000000e-01  2.88067021e-07 
 9.50000000e-01  2.16339450e-07 
 9.60000000e-01  1.62550924e-07 
 9.70000000e-01  1.22194220e-07 
 9.80000000e-01  9.19002251e-08 
 9.90000000e-01  6.91489866e-08 
 1.00000000e+00  5.20545613e-08 
 0.00000000e+00  9.99999953e-01 
 1.00000000e-02  9.99999937e-01 
 2.00000000e-02  9.99999915e-01 
 3.00000000e-02  9.99999886e-01 
 4.00000000e-02  9.99999847e-01 
 5.00000000e-02  9.99999794e-01 
 6.00000000e-02  9.99999724e-01 
 7.00000000e-02  9.99999629e-01 
 8.00000000e-02  9.99999501e-01 
 9.00000000e-02  9.99999328e-01 
 1.00000000e-01  9.99999095e-01 
 1.10000000e-01  9.99998781e-01 
 1.20000000e-01  9.99998357e-01 
 1.30000000e-01  9.99997784e-01 
 1.40000000e-01  9.99997009e-01 
 1.50000000e-01  9.99995961e-01 
 1.60000000e-01  9.99994542e-01 
 1.70000000e-01  9.99992620e-01 
 1.80000000e-01  9.99990014e-01 
 1.90000000e-01  9.99986480e-01 
 2.00000000e-01  9.99981681e-01 
 2.10000000e-01  9.99975161e-01 
 2.20000000e-01  9.99966298e-01 
 2.30000000e-01  9.99954241e-01 
 2.40000000e-01  9.99937828e-01 
 2.50000000e-01  9.99915476e-01 
 2.60000000e-01  9.99885024e-01 
 2.70000000e-01  9.99843531e-01 
 2.80000000e-01  9.99786997e-01 
 2.90000000e-01  9.99710000e-01 
 3.00000000e-01  9.99605212e-01 
 3.10000000e-01  9.99462777e-01 
 3.20000000e-01  9.99269508e-01 
 3.30000000e-01  9.99007867e-01 
 3.40000000e-01  9.98654684e-01 
 3.50000000e-01  9.98179529e-01 
 3.60000000e-01  9.97542624e-01 
 3.70000000e-01  9.96692047e-01 
 3.80000000e-01  9.95559801e-01 
 3.90000000e-01  9.94055897e-01 
 4.00000000e-01  9.92058906e-01 
 4.10000000e-01  9.89399855e-01 
 4.20000000e-01  9.85832891e-01 
 4.30000000e-01  9.80976962e-01 
 4.40000000e-01  9.74185330e-01 
 4.50000000e-01  9.64170188e-01 
 4.60000000e-01  9.47806529e-01 
 4.70000000e-01  9.12274316e-01 
 4.80000000e-01  7.76695192e-01 
 4.90000000e-01  5.81274343e-01 
 5.00000000e-01  3.85544334e-01 
 5.10000000e-01  1.90823343e-01 
 5.20000000e-01  7.61789058e-02 
 5.30000000e-01  4.67906391e-02 
 5.40000000e-01  3.26107394e-02 
 5.50000000e-01  2.38146533e-02 
 5.60000000e-01  1.77746734e-02 
 5.70000000e-01  1.34281742e-02 
 5.80000000e-01  1.01992204e-02 
 5.90000000e-01  7.76152069e-03 
 6.00000000e-01  5.90448014e-03 
 6.10000000e-01  4.48372523e-03 
 6.20000000e-01  3.39568394e-03 
 6.30000000e-01  2.56352054e-03 
 6.40000000e-01  1.92885732e-03 
 6.50000000e-01  1.44663890e-03 
 6.60000000e-01  1.08178572e-03 
 6.70000000e-01  8.06902316e-04 
 6.80000000e-01  6.00625755e-04 
 6.90000000e-01  4.46375143e-04 
 7.00000000e-01  3.31365961e-04 
 7.10000000e-01  2.45813285e-04 
 7.20000000e-01  1.82282188e-04 
 7.30000000e-01  1.35160436e-04 
 7.40000000e-01  1.00235391e-04 
 7.50000000e-01  7.43594005e-05 
 7.60000000e-01  5.51889130e-05 
 7.70000000e-01  4.09836801e-05 
 7.80000000e-01  3.04538623e-05 
 7.90000000e-01  2.26446266e-05 
 8.00000000e-01  1.68496352e-05 
 8.10000000e-01  1.25465295e-05 
 8.20000000e-01  9.34900148e-06 
 8.30000000e-01  6.97128435e-06 
 8.40000000e-01  5.20189293e-06 
 8.50000000e-01  3.88422623e-06 
 8.60000000e-01  2.90224782e-06 
 8.70000000e-01  2.16991670e-06 
 8.80000000e-01  1.62338535e-06 
 8.90000000e-01  1.21523843e-06 
 9.00000000e-01  9.10236245e-07 
 9.10000000e-01  6.82167836e-07 
 9.20000000e-01  5.11522768e-07 
 9.30000000e-01  3.83767304e-07 
 9.40000000e-01  2.88067021e-07 
 9.50000000e-01  2.16339450e-07 
 9.60000000e-01  1.62550924e-07 
 9.70000000e-01  1.22194220e-07 
 9.80000000e-01  9.19002251e-08 
 9.90000000e-01  6.91489866e-08 
 1.00000000e+00  5.20545613e-08 
