 0.00000000e+00  9.99999877e-01 
 1.00000000e-02  9.99999840e-01 
 2.00000000e-02  9.99999790e-01 
 3.00000000e-02  9.99999723e-01 
 4.00000000e-02  9.99999633e-01 
 5.00000000e-02  9.99999512e-01 
 6.00000000e-02  9.99999349e-01 
 7.00000000e-02  9.99999131e-01 
 8.00000000e-02  9.99998837e-01 
 9.00000000e-02  9.99998441e-01 
 1.00000000e-01  9.99997907e-01 
 1.10000000e-01  9.99997186e-01 
 1.20000000e-01  9.99996213e-01 
 1.30000000e-01  9.99994898e-01 
 1.40000000e-01  9.99993118e-01 
 1.50000000e-01  9.99990707e-01 
 1.60000000e-01  9.99987438e-01 
 1.70000000e-01  9.99983001e-01 
 1.80000000e-01  9.99976973e-01 
 1.90000000e-01  9.99968774e-01 
 2.00000000e-01  9.99957610e-01 
 2.10000000e-01  9.99942393e-01 
 2.20000000e-01  9.99921629e-01 
 2.30000000e-01  9.99893268e-01 
 2.40000000e-01  9.99854492e-01 
 2.50000000e-01  9.99801433e-01 
 2.60000000e-01  9.99728774e-01 
 2.70000000e-01  9.99629226e-01 
 2.80000000e-01  9.99492796e-01 
 2.90000000e-01  9.99305833e-01 
 3.00000000e-01  9.99049742e-01 
 3.10000000e-01  9.98699318e-01 
 3.20000000e-01  9.98220588e-01 
 3.30000000e-01  9.97568086e-01 
 3.40000000e-01  9.96681418e-01 
 3.50000000e-01  9.95480941e-01 
 3.60000000e-01  9.93862146e-01 
 3.70000000e-01  9.91687795e-01 
 3.80000000e-01  9.88775694e-01 
 3.90000000e-01  9.84877354e-01 
 4.00000000e-01  9.79636949e-01 
 4.10000000e-01  9.72505386e-01 
 4.20000000e-01  9.62542127e-01 
 4.30000000e-01  9.47892580e-01 
 4.40000000e-01  9.24131342e-01 
 4.50000000e-01  8.76973582e-01 
 4.60000000e-01  7.76686929e-01 
 4.70000000e-01  6.35065351e-01 
 4.80000000e-01  4.85545191e-01 
 4.90000000e-01  3.39525880e-01 
 5.00000000e-01  2.03432436e-01 
 0.00000000e+00  9.99999877e-01 
 1.00000000e-02  9.99999840e-01 
 2.00000000e-02  9.99999790e-01 
 3.00000000e-02  9.99999723e-01 
 4.00000000e-02  9.99999633e-01 
 5.00000000e-02  9.99999512e-01 
 6.00000000e-02  9.99999349e-01 
 7.00000000e-02  9.99999131e-01 
 8.00000000e-02  9.99998837e-01 
 9.00000000e-02  9.99998441e-01 
 1.00000000e-01  9.99997907e-01 
 1.10000000e-01  9.99997186e-01 
 1.20000000e-01  9.99996213e-01 
 1.30000000e-01  9.99994898e-01 
 1.40000000e-01  9.99993118e-01 
 1.50000000e-01  9.99990707e-01 
 1.60000000e-01  9.99987438e-01 
 1.70000000e-01  9.99983001e-01 
 1.80000000e-01  9.99976973e-01 
 1.90000000e-01  9.99968774e-01 
 2.00000000e-01  9.99957610e-01 
 2.10000000e-01  9.99942393e-01 
 2.20000000e-01  9.99921629e-01 
 2.30000000e-01  9.99893268e-01 
 2.40000000e-01  9.99854492e-01 
 2.50000000e-01  9.99801433e-01 
 2.60000000e-01  9.99728774e-01 
 2.70000000e-01  9.99629226e-01 
 2.80000000e-01  9.99492796e-01 
 2.90000000e-01  9.99305833e-01 
 3.00000000e-01  9.99049742e-01 
 3.10000000e-01  9.98699318e-01 
 3.20000000e-01  9.98220588e-01 
 3.30000000e-01  9.97568086e-01 
 3.40000000e-01  9.96681418e-01 
 3.50000000e-01  9.95480941e-01 
 3.60000000e-01  9.93862146e-01 
 3.70000000e-01  9.91687795e-01 
 3.80000000e-01  9.88775694e-01 
 3.90000000e-01  9.84877354e-01 
 4.00000000e-01  9.79636949e-01 
 4.10000000e-01  9.72505386e-01 
 4.20000000e-01  9.62542127e-01 
 4.30000000e-01  9.47892580e-01 
 4.40000000e-01  9.24131342e-01 
 4.50000000e-01  8.76973582e-01 
 4.60000000e-01  7.76686929e-01 
 4.70000000e-01  6.35065351e-01 
 4.80000000e-01  4.85545191e-01 
 4.90000000e-01  3.39525880e-01 
 5.00000000e-01  2.03432436e-01 
 5.10000000e-01  1.02458545e-01 
 5.20000000e-01  5.91669727e-02 
 5.30000000e-01  3.94187290e-02 
 5.40000000e-01  2.79502295e-02 
 5.50000000e-01  2.04061405e-02 
 5.60000000e-01  1.51094217e-02 
 5.70000000e-01  1.12683958e-02 
 5.80000000e-01  8.42065080e-03 
 5.90000000e-01  6.28763001e-03 
 6.00000000e-01  4.68300480e-03 
 6.10000000e-01  3.47553933e-03 
 6.20000000e-01  2.56920125e-03 
 6.30000000e-01  1.89180435e-03 
 6.40000000e-01  1.38816240e-03 
 6.50000000e-01  1.01574512e-03 
 6.60000000e-01  7.41758888e-04 
 6.70000000e-01  5.41049796e-04 
 6.80000000e-01  3.94495512e-04 
 6.90000000e-01  2.87711859e-04 
 7.00000000e-01  2.09991579e-04 
 7.10000000e-01  1.53437298e-04 
 7.20000000e-01  1.12266255e-04 
 7.30000000e-01  8.22659551e-05 
 7.40000000e-01  6.03777899e-05 
 7.50000000e-01  4.43847107e-05 
 7.60000000e-01  3.26804606e-05 
 7.70000000e-01  2.41008662e-05 
 7.80000000e-01  1.78013580e-05 
 7.90000000e-01  1.31684138e-05 
 8.00000000e-01  9.75566045e-06 
 8.10000000e-01  7.23779192e-06 
 8.20000000e-01  5.37732372e-06 
 8.30000000e-01  4.00058275e-06 
 8.40000000e-01  2.98034265e-06 
 8.50000000e-01  2.22324460e-06 
 8.60000000e-01  1.66066882e-06 
 8.70000000e-01  1.24209808e-06 
 8.80000000e-01  9.30284223e-07 
 8.90000000e-01  6.97721444e-07 
 9.00000000e-01  5.24068499e-07 
 9.10000000e-01  3.94261268e-07 
 9.20000000e-01  2.97128454e-07 
 9.30000000e-01  2.24374641e-07 
 9.40000000e-01  1.69832043e-07 
 9.50000000e-01  1.28909111e-07 
 9.60000000e-01  9.81835986e-08 
 9.70000000e-01  7.51018076e-08 
 9.80000000e-01  5.77560069e-08 
 9.90000000e-01  4.47194730e-08 
 1.00000000e+00  3.49240852e-08 
 0.00000000e+00  9.99999877e-01 
 1.00000000e-02  9.99999840e-01 
 2.00000000e-02  9.99999790e-01 
 3.00000000e-02  9.99999723e-01 
 4.00000000e-02  9.99999633e-01 
 5.00000000e-02  9.99999512e-01 
 6.00000000e-02  9.99999349e-01 
 7.00000000e-02  9.99999131e-01 
 8.00000000e-02  9.99998837e-01 
 9.00000000e-02  9.99998441e-01 
 1.00000000e-01  9.99997907e-01 
 1.10000000e-01  9.99997186e-01 
 1.20000000e-01  9.99996213e-01 
 1.30000000e-01  9.99994898e-01 
 1.40000000e-01  9.99993118e-01 
 1.50000000e-01  9.99990707e-01 
 1.60000000e-01  9.99987438e-01 
 1.70000000e-01  9.99983001e-01 
 1.80000000e-01  9.99976973e-01 
 1.90000000e-01  9.99968774e-01 
 2.00000000e-01  9.99957610e-01 
 2.10000000e-01  9.99942393e-01 
 2.20000000e-01  9.99921629e-01 
 2.30000000e-01  9.99893268e-01 
 2.40000000e-01  9.99854492e-01 
 2.50000000e-01  9.99801433e-01 
 2.60000000e-01  9.99728774e-01 
 2.70000000e-01  9.99629226e-01 
 2.80000000e-01  9.99492796e-01 
 2.90000000e-01  9.99305833e-01 
 3.00000000e-01  9.99049742e-01 
 3.10000000e-01  9.98699318e-01 
 3.20000000e-01  9.98220588e-01 
 3.30000000e-01  9.97568086e-01 
 3.40000000e-01  9.96681418e-01 
 3.50000000e-01  9.95480941e-01 
 3.60000000e-01  9.93862146e-01 
 3.70000000e-01  9.91687795e-01 
 3.80000000e-01  9.88775694e-01 
 3.90000000e-01  9.84877354e-01 
 4.00000000e-01  9.79636949e-01 
 4.10000000e-01  9.72505386e-01 
 4.20000000e-01  9.62542127e-01 
 4.30000000e-01  9.47892580e-01 
 4.40000000e-01  9.24131342e-01 
 4.50000000e-01  8.76973582e-01 
 4.60000000e-01  7.76686929e-01 
 4.70000000e-01  6.35065351e-01 
 4.80000000e-01  4.85545191e-01 
 4.90000000e-01  3.39525880e-01 
 5.00000000e-01  2.03432436e-01 
 5.10000000e-01  1.02458545e-01 
 5.20000000e-01  5.91669727e-02 
 5.30000000e-01  3.94187290e-02 
 5.40000000e-01  2.79502295e-02 
 5.50000000e-01  2.04061405e-02 
 5.60000000e-01  1.51094217e-02 
 5.70000000e-01  1.12683958e-02 
 5.80000000e-01  8.42065080e-03 
 5.90000000e-01  6.28763001e-03 
 6.00000000e-01  4.68300480e-03 
 6.10000000e-01  3.47553933e-03 
 6.20000000e-01  2.56920125e-03 
 6.30000000e-01  1.89180435e-03 
 6.40000000e-01  1.38816240e-03 
 6.50000000e-01  1.01574512e-03 
 6.60000000e-01  7.41758888e-04 
 6.70000000e-01  5.41049796e-04 
 6.80000000e-01  3.94495512e-04 
 6.90000000e-01  2.87711859e-04 
 7.00000000e-01  2.09991579e-04 
 7.10000000e-01  1.53437298e-04 
 7.20000000e-01  1.12266255e-04 
 7.30000000e-01  8.22659551e-05 
 7.40000000e-01  6.03777899e-05 
 7.50000000e-01  4.43847107e-05 
 7.60000000e-01  3.26804606e-05 
 7.70000000e-01  2.41008662e-05 
 7.80000000e-01  1.78013580e-05 
 7.90000000e-01  1.31684138e-05 
 8.00000000e-01  9.75566045e-06 
 8.10000000e-01  7.23779192e-06 
 8.20000000e-01  5.37732372e-06 
 8.30000000e-01  4.00058275e-06 
 8.40000000e-01  2.98034265e-06 
 8.50000000e-01  2.22324460e-06 
 8.60000000e-01  1.66066882e-06 
 8.70000000e-01  1.24209808e-06 
 8.80000000e-01  9.30284223e-07 
 8.90000000e-01  6.97721444e-07 
 9.00000000e-01  5.24068499e-07 
 9.10000000e-01  3.94261268e-07 
 9.20000000e-01  2.97128454e-07 
 9.30000000e-01  2.24374641e-07 
 9.40000000e-01  1.69832043e-07 
 9.50000000e-01  1.28909111e-07 
 9.60000000e-01  9.81835986e-08 
 9.70000000e-01  7.51018076e-08 
 9.80000000e-01  5.77560069e-08 
 9.90000000e-01  4.47194730e-08 
 1.00000000e+00  3.49240852e-08 
