 0.00000000e+00  4.09133059e-10 
 1.00000000e-02  5.37787429e-10 
 2.00000000e-02  7.06897324e-10 
 3.00000000e-02  9.29183575e-10 
 4.00000000e-02  1.22136663e-09 
 5.00000000e-02  1.60542382e-09 
 6.00000000e-02  2.11024176e-09 
 7.00000000e-02  2.77378770e-09 
 8.00000000e-02  3.64596291e-09 
 9.00000000e-02  4.79235160e-09 
 1.00000000e-01  6.29914611e-09 
 1.10000000e-01  8.27961602e-09 
 1.20000000e-01  1.08826034e-08 
 1.30000000e-01  1.43036753e-08 
 1.40000000e-01  1.87997588e-08 
 1.50000000e-01  2.47083359e-08 
 1.60000000e-01  3.24726020e-08 
 1.70000000e-01  4.26744103e-08 
 1.80000000e-01  5.60773596e-08 
 1.90000000e-01  7.36830615e-08 
 2.00000000e-01  9.68044639e-08 
 2.10000000e-01  1.27161142e-07 
 2.20000000e-01  1.67002691e-07 
 2.30000000e-01  2.19267756e-07 
 2.40000000e-01  2.87787709e-07 
 2.50000000e-01  3.77545361e-07 
 2.60000000e-01  4.95000002e-07 
 2.70000000e-01  6.48489904e-07 
 2.80000000e-01  8.48721158e-07 
 2.90000000e-01  1.10934613e-06 
 3.00000000e-01  1.44762410e-06 
 3.10000000e-01  1.88513924e-06 
 3.20000000e-01  2.44852648e-06 
 3.30000000e-01  3.17012561e-06 
 3.40000000e-01  4.08845360e-06 
 3.50000000e-01  5.24836523e-06 
 3.60000000e-01  6.70077431e-06 
 3.70000000e-01  8.50184117e-06 
 3.80000000e-01  1.07115919e-05 
 3.90000000e-01  1.33920004e-05 
 4.00000000e-01  1.66045945e-05 
 4.10000000e-01  2.04075951e-05 
 4.20000000e-01  2.48523766e-05 
 4.30000000e-01  2.99784623e-05 
 4.40000000e-01  3.58046483e-05 
 4.50000000e-01  4.23071339e-05 
 4.60000000e-01  4.93513173e-05 
 4.70000000e-01  5.62730386e-05 
 4.80000000e-01  5.87777604e-05 
 4.90000000e-01  5.83783680e-05 
 5.00000000e-01  5.79648003e-05 
 0.00000000e+00  4.09133059e-10 
 1.00000000e-02  5.37787429e-10 
 2.00000000e-02  7.06897324e-10 
 3.00000000e-02  9.29183575e-10 
 4.00000000e-02  1.22136663e-09 
 5.00000000e-02  1.60542382e-09 
 6.00000000e-02  2.11024176e-09 
 7.00000000e-02  2.77378770e-09 
 8.00000000e-02  3.64596291e-09 
 9.00000000e-02  4.79235160e-09 
 1.00000000e-01  6.29914611e-09 
 1.10000000e-01  8.27961602e-09 
 1.20000000e-01  1.08826034e-08 
 1.30000000e-01  1.43036753e-08 
 1.40000000e-01  1.87997588e-08 
 1.50000000e-01  2.47083359e-08 
 1.60000000e-01  3.24726020e-08 
 1.70000000e-01  4.26744103e-08 
 1.80000000e-01  5.60773596e-08 
 1.90000000e-01  7.36830615e-08 
 2.00000000e-01  9.68044639e-08 
 2.10000000e-01  1.27161142e-07 
 2.20000000e-01  1.67002691e-07 
 2.30000000e-01  2.19267756e-07 
 2.40000000e-01  2.87787709e-07 
 2.50000000e-01  3.77545361e-07 
 2.60000000e-01  4.95000002e-07 
 2.70000000e-01  6.48489904e-07 
 2.80000000e-01  8.48721158e-07 
 2.90000000e-01  1.10934613e-06 
 3.00000000e-01  1.44762410e-06 
 3.10000000e-01  1.88513924e-06 
 3.20000000e-01  2.44852648e-06 
 3.30000000e-01  3.17012561e-06 
 3.40000000e-01  4.08845360e-06 
 3.50000000e-01  5.24836523e-06 
 3.60000000e-01  6.70077431e-06 
 3.70000000e-01  8.50184117e-06 
 3.80000000e-01  1.07115919e-05 
 3.90000000e-01  1.33920004e-05 
 4.00000000e-01  1.66045945e-05 
 4.10000000e-01  2.04075951e-05 
 4.20000000e-01  2.48523766e-05 
 4.30000000e-01  2.99784623e-05 
 4.40000000e-01  3.58046483e-05 
 4.50000000e-01  4.23071339e-05 
 4.60000000e-01  4.93513173e-05 
 4.70000000e-01  5.62730386e-05 
 4.80000000e-01  5.87777604e-05 
 4.90000000e-01  5.83783680e-05 
 5.00000000e-01  5.79648003e-05 
 5.10000000e-01  5.75150107e-05 
 5.20000000e-01  5.41129147e-05 
 5.30000000e-01  4.79365879e-05 
 5.40000000e-01  4.17855228e-05 
 5.50000000e-01  3.60485966e-05 
 5.60000000e-01  3.08180772e-05 
 5.70000000e-01  2.61169787e-05 
 5.80000000e-01  2.19424752e-05 
 5.90000000e-01  1.82770921e-05 
 6.00000000e-01  1.50943802e-05 
 6.10000000e-01  1.23615722e-05 
 6.20000000e-01  1.00414018e-05 
 6.30000000e-01  8.09363933e-06 
 6.40000000e-01  6.47654578e-06 
 6.50000000e-01  5.14828229e-06 
 6.60000000e-01  4.06822845e-06 
 6.70000000e-01  3.19812875e-06 
 6.80000000e-01  2.50298684e-06 
 6.90000000e-01  1.95165197e-06 
 7.00000000e-01  1.51708391e-06 
 7.10000000e-01  1.17632920e-06 
 7.20000000e-01  9.10275726e-07 
 7.30000000e-01  7.03266267e-07 
 7.40000000e-01  5.42644534e-07 
 7.50000000e-01  4.18290602e-07 
 7.60000000e-01  3.22182808e-07 
 7.70000000e-01  2.48006555e-07 
 7.80000000e-01  1.90818072e-07 
 7.90000000e-01  1.46763344e-07 
 8.00000000e-01  1.12847895e-07 
 8.10000000e-01  8.67511227e-08 
 8.20000000e-01  6.66782590e-08 
 8.30000000e-01  5.12433774e-08 
 8.40000000e-01  3.93775459e-08 
 8.50000000e-01  3.02570854e-08 
 8.60000000e-01  2.32477533e-08 
 8.70000000e-01  1.78614432e-08 
 8.80000000e-01  1.37226727e-08 
 8.90000000e-01  1.05426910e-08 
 9.00000000e-01  8.09950000e-09 
 9.10000000e-01  6.22245612e-09 
 9.20000000e-01  4.78040943e-09 
 9.30000000e-01  3.67257485e-09 
 9.40000000e-01  2.82150861e-09 
 9.50000000e-01  2.16770651e-09 
 9.60000000e-01  1.66545062e-09 
 9.70000000e-01  1.27961658e-09 
 9.80000000e-01  9.83219768e-10 
 9.90000000e-01  7.55529417e-10 
 1.00000000e+00  5.80619576e-10 
 0.00000000e+00  4.09133059e-10 
 1.00000000e-02  5.37787429e-10 
 2.00000000e-02  7.06897324e-10 
 3.00000000e-02  9.29183575e-10 
 4.00000000e-02  1.22136663e-09 
 5.00000000e-02  1.60542382e-09 
 6.00000000e-02  2.11024176e-09 
 7.00000000e-02  2.77378770e-09 
 8.00000000e-02  3.64596291e-09 
 9.00000000e-02  4.79235160e-09 
 1.00000000e-01  6.29914611e-09 
 1.10000000e-01  8.27961602e-09 
 1.20000000e-01  1.08826034e-08 
 1.30000000e-01  1.43036753e-08 
 1.40000000e-01  1.87997588e-08 
 1.50000000e-01  2.47083359e-08 
 1.60000000e-01  3.24726020e-08 
 1.70000000e-01  4.26744103e-08 
 1.80000000e-01  5.60773596e-08 
 1.90000000e-01  7.36830615e-08 
 2.00000000e-01  9.68044639e-08 
 2.10000000e-01  1.27161142e-07 
 2.20000000e-01  1.67002691e-07 
 2.30000000e-01  2.19267756e-07 
 2.40000000e-01  2.87787709e-07 
 2.50000000e-01  3.77545361e-07 
 2.60000000e-01  4.95000002e-07 
 2.70000000e-01  6.48489904e-07 
 2.80000000e-01  8.48721158e-07 
 2.90000000e-01  1.10934613e-06 
 3.00000000e-01  1.44762410e-06 
 3.10000000e-01  1.88513924e-06 
 3.20000000e-01  2.44852648e-06 
 3.30000000e-01  3.17012561e-06 
 3.40000000e-01  4.08845360e-06 
 3.50000000e-01  5.24836523e-06 
 3.60000000e-01  6.70077431e-06 
 3.70000000e-01  8.50184117e-06 
 3.80000000e-01  1.07115919e-05 
 3.90000000e-01  1.33920004e-05 
 4.00000000e-01  1.66045945e-05 
 4.10000000e-01  2.04075951e-05 
 4.20000000e-01  2.48523766e-05 
 4.30000000e-01  2.99784623e-05 
 4.40000000e-01  3.58046483e-05 
 4.50000000e-01  4.23071339e-05 
 4.60000000e-01  4.93513173e-05 
 4.70000000e-01  5.62730386e-05 
 4.80000000e-01  5.87777604e-05 
 4.90000000e-01  5.83783680e-05 
 5.00000000e-01  5.79648003e-05 
 5.10000000e-01  5.75150107e-05 
 5.20000000e-01  5.41129147e-05 
 5.30000000e-01  4.79365879e-05 
 5.40000000e-01  4.17855228e-05 
 5.50000000e-01  3.60485966e-05 
 5.60000000e-01  3.08180772e-05 
 5.70000000e-01  2.61169787e-05 
 5.80000000e-01  2.19424752e-05 
 5.90000000e-01  1.82770921e-05 
 6.00000000e-01  1.50943802e-05 
 6.10000000e-01  1.23615722e-05 
 6.20000000e-01  1.00414018e-05 
 6.30000000e-01  8.09363933e-06 
 6.40000000e-01  6.47654578e-06 
 6.50000000e-01  5.14828229e-06 
 6.60000000e-01  4.06822845e-06 
 6.70000000e-01  3.19812875e-06 
 6.80000000e-01  2.50298684e-06 
 6.90000000e-01  1.95165197e-06 
 7.00000000e-01  1.51708391e-06 
 7.10000000e-01  1.17632920e-06 
 7.20000000e-01  9.10275726e-07 
 7.30000000e-01  7.03266267e-07 
 7.40000000e-01  5.42644534e-07 
 7.50000000e-01  4.18290602e-07 
 7.60000000e-01  3.22182808e-07 
 7.70000000e-01  2.48006555e-07 
 7.80000000e-01  1.90818072e-07 
 7.90000000e-01  1.46763344e-07 
 8.00000000e-01  1.12847895e-07 
 8.10000000e-01  8.67511227e-08 
 8.20000000e-01  6.66782590e-08 
 8.30000000e-01  5.12433774e-08 
 8.40000000e-01  3.93775459e-08 
 8.50000000e-01  3.02570854e-08 
 8.60000000e-01  2.32477533e-08 
 8.70000000e-01  1.78614432e-08 
 8.80000000e-01  1.37226727e-08 
 8.90000000e-01  1.05426910e-08 
 9.00000000e-01  8.09950000e-09 
 9.10000000e-01  6.22245612e-09 
 9.20000000e-01  4.78040943e-09 
 9.30000000e-01  3.67257485e-09 
 9.40000000e-01  2.82150861e-09 
 9.50000000e-01  2.16770651e-09 
 9.60000000e-01  1.66545062e-09 
 9.70000000e-01  1.27961658e-09 
 9.80000000e-01  9.83219768e-10 
 9.90000000e-01  7.55529417e-10 
 1.00000000e+00  5.80619576e-10 
